=go,0,0,3:=ao,0,0,2:=axes,1,0,0,0,-0.707105374,-0.707108188,0,0.707108188,-0.707105374:Z:-2.1:Y:-2.1:Z-X<135>
=go,0,0,3:=ao,0,0,2:=axes,1,0,0,0,-0.707105374,0.707108188,0,-0.707108188,-0.707105374:Z:-2.1:Y:2.1:Z-X<-135>
=go,0,0,3:=ao,0,0,2:=axes,-0.707105374,0,0.707108188,0,1,0,-0.707108188,0,-0.707105374:Z:-2.1:X:2.1:Z-Y<135>
=go,0,0,3:=ao,0,0,2:=axes,-0.707105374,0,-0.707108188,0,1,0,0.707108188,0,-0.707105374:Z:-2.1:X:-2.1:Z-Y<-135>
=go,0,3,0:=ao,0,3,-1:=axes,-0.707105374,-0.707108188,0,0.707108188,-0.707105374,0,0,0,1:Y:-2.1:X:-2.1:Y-Z<135>
=go,0,3,0:=ao,0,3,-1:=axes,-0.707105374,0.707108188,0,-0.707108188,-0.707105374,0,0,0,1:Y:-2.1:X:2.1:Y-Z<-135>
=go,0,3,0:=ao,0,3,-1:=axes,1,0,0,0,-0.707105374,-0.707108188,0,0.707108188,-0.707105374:Y:-2.1:Z:2.1:Y-X<135>
=go,0,3,0:=ao,0,3,-1:=axes,1,0,0,0,-0.707105374,0.707108188,0,-0.707108188,-0.707105374:Y:-2.1:Z:-2.1:Y-X<-135>
=go,3,0,0:=ao,3,0,-1:=axes,-0.707105374,0,0.707108188,0,1,0,-0.707108188,0,-0.707105374:X:-2.1:Z:-2.1:X-Y<135>
=go,3,0,0:=ao,3,0,-1:=axes,-0.707105374,0,-0.707108188,0,1,0,0.707108188,0,-0.707105374:X:-2.1:Z:2.1:X-Y<-135>
=go,3,0,0:=ao,3,0,-1:=axes,-0.707105374,-0.707108188,0,0.707108188,-0.707105374,0,0,0,1:X:-2.1:Y:2.1:X-Z<135>
=go,3,0,0:=ao,3,0,-1:=axes,-0.707105374,0.707108188,0,-0.707108188,-0.707105374,0,0,0,1:X:-2.1:Y:-2.1:X-Z<-135>
